$ANSIBLE_VAULT;1.1;AES256
37363434396166306633373065646464616638366362336237646232356266303639313333333565
3564656332353665633066343133613162333534633335370a623837326463616233393137366437
63653262393533343335376661333531636135333839666130316162656534633466333666303762
3830623565316161390a356433376339393138376635383230343637303137376634396332643062
62623366633335313661613262323762383865333263363866306131366261623335656565313531
30383538343966623539336663323931356431346365313931346332306166366230353239616532
66303664626235623466303963626337363934386263303561313162323231376566343430373931
34633264366334656234323637386363383061336638666165383062346661393738343763366532
34383730633465313238383839626665393136333064626263333830333564333932323835623434
39623939373336383036326631633531316663336262333933363433613462663132363863666232
36646431356639366434653837316364623838323764666239613638623633613039663036383939
32636364663930633565333666356162336263646364346164613831373563363165663033333431
65373161353834376336336135653230646632396330356337663332326337623233646439633662
65386137353464376265393462363435653434343135333365663265353130663639636634666331
66643238366636363330306662356362666463616134626231323337323032636539633938656463
61323632653137333962363738653735643864383738343965623639333231313165346237653831
61653337613164616334643630613733343532313630316461306365366236383730366666326335
63333434363231323238303739303432656665633465333438376662643164633065633537343037
61393239323338373266646232393734616233306330646533383662353838303365656634343135
65343164653534346134633764336362303038353936393831663964646262616433376536366663
6433
